<!DOCTYPE html>
<html xmlns="http://www.w3.org/1999/xhtml" lang="en" xml:lang="en"><head>

<meta charset="utf-8">
<meta name="generator" content="quarto-1.0.36">

<meta name="viewport" content="width=device-width, initial-scale=1.0, user-scalable=yes">


<title>Miles O’Reilly - Walkthrough</title>
<style>
code{white-space: pre-wrap;}
span.smallcaps{font-variant: small-caps;}
span.underline{text-decoration: underline;}
div.column{display: inline-block; vertical-align: top; width: 50%;}
div.hanging-indent{margin-left: 1.5em; text-indent: -1.5em;}
ul.task-list{list-style: none;}
pre > code.sourceCode { white-space: pre; position: relative; }
pre > code.sourceCode > span { display: inline-block; line-height: 1.25; }
pre > code.sourceCode > span:empty { height: 1.2em; }
.sourceCode { overflow: visible; }
code.sourceCode > span { color: inherit; text-decoration: inherit; }
div.sourceCode { margin: 1em 0; }
pre.sourceCode { margin: 0; }
@media screen {
div.sourceCode { overflow: auto; }
}
@media print {
pre > code.sourceCode { white-space: pre-wrap; }
pre > code.sourceCode > span { text-indent: -5em; padding-left: 5em; }
}
pre.numberSource code
  { counter-reset: source-line 0; }
pre.numberSource code > span
  { position: relative; left: -4em; counter-increment: source-line; }
pre.numberSource code > span > a:first-child::before
  { content: counter(source-line);
    position: relative; left: -1em; text-align: right; vertical-align: baseline;
    border: none; display: inline-block;
    -webkit-touch-callout: none; -webkit-user-select: none;
    -khtml-user-select: none; -moz-user-select: none;
    -ms-user-select: none; user-select: none;
    padding: 0 4px; width: 4em;
    color: #aaaaaa;
  }
pre.numberSource { margin-left: 3em; border-left: 1px solid #aaaaaa;  padding-left: 4px; }
div.sourceCode
  {   }
@media screen {
pre > code.sourceCode > span > a:first-child::before { text-decoration: underline; }
}
code span.al { color: #ff0000; font-weight: bold; } /* Alert */
code span.an { color: #60a0b0; font-weight: bold; font-style: italic; } /* Annotation */
code span.at { color: #7d9029; } /* Attribute */
code span.bn { color: #40a070; } /* BaseN */
code span.bu { } /* BuiltIn */
code span.cf { color: #007020; font-weight: bold; } /* ControlFlow */
code span.ch { color: #4070a0; } /* Char */
code span.cn { color: #880000; } /* Constant */
code span.co { color: #60a0b0; font-style: italic; } /* Comment */
code span.cv { color: #60a0b0; font-weight: bold; font-style: italic; } /* CommentVar */
code span.do { color: #ba2121; font-style: italic; } /* Documentation */
code span.dt { color: #902000; } /* DataType */
code span.dv { color: #40a070; } /* DecVal */
code span.er { color: #ff0000; font-weight: bold; } /* Error */
code span.ex { } /* Extension */
code span.fl { color: #40a070; } /* Float */
code span.fu { color: #06287e; } /* Function */
code span.im { } /* Import */
code span.in { color: #60a0b0; font-weight: bold; font-style: italic; } /* Information */
code span.kw { color: #007020; font-weight: bold; } /* Keyword */
code span.op { color: #666666; } /* Operator */
code span.ot { color: #007020; } /* Other */
code span.pp { color: #bc7a00; } /* Preprocessor */
code span.sc { color: #4070a0; } /* SpecialChar */
code span.ss { color: #bb6688; } /* SpecialString */
code span.st { color: #4070a0; } /* String */
code span.va { color: #19177c; } /* Variable */
code span.vs { color: #4070a0; } /* VerbatimString */
code span.wa { color: #60a0b0; font-weight: bold; font-style: italic; } /* Warning */
</style>


<script src="site_libs/quarto-nav/quarto-nav.js"></script>
<script src="site_libs/quarto-nav/headroom.min.js"></script>
<script src="site_libs/clipboard/clipboard.min.js"></script>
<script src="site_libs/quarto-search/autocomplete.umd.js"></script>
<script src="site_libs/quarto-search/fuse.min.js"></script>
<script src="site_libs/quarto-search/quarto-search.js"></script>
<meta name="quarto:offset" content="./">
<script src="site_libs/quarto-html/quarto.js"></script>
<script src="site_libs/quarto-html/popper.min.js"></script>
<script src="site_libs/quarto-html/tippy.umd.min.js"></script>
<script src="site_libs/quarto-html/anchor.min.js"></script>
<link href="site_libs/quarto-html/tippy.css" rel="stylesheet">
<link href="site_libs/quarto-html/quarto-syntax-highlighting.css" rel="stylesheet" id="quarto-text-highlighting-styles">
<script src="site_libs/bootstrap/bootstrap.min.js"></script>
<link href="site_libs/bootstrap/bootstrap-icons.css" rel="stylesheet">
<link href="site_libs/bootstrap/bootstrap.min.css" rel="stylesheet" id="quarto-bootstrap" data-mode="light">
<script id="quarto-search-options" type="application/json">{
  "location": "navbar",
  "copy-button": false,
  "collapse-after": 3,
  "panel-placement": "end",
  "type": "overlay",
  "limit": 20,
  "language": {
    "search-no-results-text": "No results",
    "search-matching-documents-text": "matching documents",
    "search-copy-link-title": "Copy link to search",
    "search-hide-matches-text": "Hide additional matches",
    "search-more-match-text": "more match in this document",
    "search-more-matches-text": "more matches in this document",
    "search-clear-button-title": "Clear",
    "search-detached-cancel-button-title": "Cancel",
    "search-submit-button-title": "Submit"
  }
}</script>


<link rel="stylesheet" href="styles.css">
</head>

<body class="nav-fixed">

<div id="quarto-search-results"></div>
  <header id="quarto-header" class="headroom fixed-top">
    <nav class="navbar navbar-expand-lg navbar-dark ">
      <div class="navbar-container container-fluid">
      <a class="navbar-brand" href="./index.html">
    <span class="navbar-title">Miles O’Reilly</span>
  </a>
          <button class="navbar-toggler" type="button" data-bs-toggle="collapse" data-bs-target="#navbarCollapse" aria-controls="navbarCollapse" aria-expanded="false" aria-label="Toggle navigation" onclick="if (window.quartoToggleHeadroom) { window.quartoToggleHeadroom(); }">
  <span class="navbar-toggler-icon"></span>
</button>
          <div class="collapse navbar-collapse" id="navbarCollapse">
            <ul class="navbar-nav navbar-nav-scroll me-auto">
  <li class="nav-item">
    <a class="nav-link" href="./index.html">Home</a>
  </li>  
  <li class="nav-item">
    <a class="nav-link" href="./portfolio.html">Portfolio</a>
  </li>  
  <li class="nav-item">
    <a class="nav-link active" href="./walkie.html" aria-current="page">Walkthrough</a>
  </li>  
  <li class="nav-item">
    <a class="nav-link" href="./VA Analysis.html">VA Analysis</a>
  </li>  
  <li class="nav-item">
    <a class="nav-link" href="https://github.com/moreilly23/website/blob/master/MILES%20O'REILLY%20RESUME%20(3).pdf">Resume</a>
  </li>  
  <li class="nav-item compact">
    <a class="nav-link" href="./www.linkedin.com/in/milesoreilly"><i class="bi bi-linkedin" role="img">
</i> 
 </a>
  </li>  
</ul>
              <div id="quarto-search" class="" title="Search"></div>
          </div> <!-- /navcollapse -->
      </div> <!-- /container-fluid -->
    </nav>
</header>
<!-- content -->
<div id="quarto-content" class="quarto-container page-columns page-rows-contents page-layout-article page-navbar">
<!-- sidebar -->
<!-- margin-sidebar -->
    <div id="quarto-margin-sidebar" class="sidebar margin-sidebar">
        <nav id="TOC" role="doc-toc">
    <h2 id="toc-title">On this page</h2>
   
  <ul>
  <li><a href="#housing-sale-analysis" id="toc-housing-sale-analysis" class="nav-link active" data-scroll-target="#housing-sale-analysis">Housing Sale Analysis</a></li>
  </ul>
</nav>
    </div>
<!-- main -->
<main class="content" id="quarto-document-content">

<header id="title-block-header" class="quarto-title-block default">
<div class="quarto-title">
<h1 class="title">Walkthrough</h1>
</div>



<div class="quarto-title-meta">

    
    
  </div>
  

</header>

<section id="housing-sale-analysis" class="level2">
<h2 class="anchored" data-anchor-id="housing-sale-analysis">Housing Sale Analysis</h2>
<div class="cell">
<div class="sourceCode cell-code" id="cb1"><pre class="sourceCode r code-with-copy"><code class="sourceCode r"><span id="cb1-1"><a href="#cb1-1" aria-hidden="true" tabindex="-1"></a><span class="co">#As always, we start off by librarying the packages we will use in our code. For this data set we will use tidyverse and lubridate. </span></span>
<span id="cb1-2"><a href="#cb1-2" aria-hidden="true" tabindex="-1"></a><span class="fu">library</span>(tidyverse)</span></code><button title="Copy to Clipboard" class="code-copy-button"><i class="bi"></i></button></pre></div>
<div class="cell-output cell-output-stderr">
<pre><code>── Attaching packages ─────────────────────────────────────── tidyverse 1.3.2 ──
✔ ggplot2 3.3.6      ✔ purrr   0.3.4 
✔ tibble  3.1.8      ✔ dplyr   1.0.10
✔ tidyr   1.2.1      ✔ stringr 1.4.1 
✔ readr   2.1.2      ✔ forcats 0.5.2 
── Conflicts ────────────────────────────────────────── tidyverse_conflicts() ──
✖ dplyr::filter() masks stats::filter()
✖ dplyr::lag()    masks stats::lag()</code></pre>
</div>
<div class="sourceCode cell-code" id="cb3"><pre class="sourceCode r code-with-copy"><code class="sourceCode r"><span id="cb3-1"><a href="#cb3-1" aria-hidden="true" tabindex="-1"></a><span class="fu">library</span>(lubridate)</span></code><button title="Copy to Clipboard" class="code-copy-button"><i class="bi"></i></button></pre></div>
<div class="cell-output cell-output-stderr">
<pre><code>
Attaching package: 'lubridate'

The following objects are masked from 'package:base':

    date, intersect, setdiff, union</code></pre>
</div>
</div>
<div class="cell">
<div class="sourceCode cell-code" id="cb5"><pre class="sourceCode r code-with-copy"><code class="sourceCode r"><span id="cb5-1"><a href="#cb5-1" aria-hidden="true" tabindex="-1"></a><span class="co"># We still start of with a simple table that visualizes the data in a table. Unlike the VA Analysis, we will be using tidyverse rather than DT package. </span></span>
<span id="cb5-2"><a href="#cb5-2" aria-hidden="true" tabindex="-1"></a>housesales <span class="ot">&lt;-</span> ggplot2<span class="sc">::</span>txhousing</span>
<span id="cb5-3"><a href="#cb5-3" aria-hidden="true" tabindex="-1"></a>housesales</span></code><button title="Copy to Clipboard" class="code-copy-button"><i class="bi"></i></button></pre></div>
<div class="cell-output cell-output-stdout">
<pre><code># A tibble: 8,602 × 9
   city     year month sales   volume median listings inventory  date
   &lt;chr&gt;   &lt;int&gt; &lt;int&gt; &lt;dbl&gt;    &lt;dbl&gt;  &lt;dbl&gt;    &lt;dbl&gt;     &lt;dbl&gt; &lt;dbl&gt;
 1 Abilene  2000     1    72  5380000  71400      701       6.3 2000 
 2 Abilene  2000     2    98  6505000  58700      746       6.6 2000.
 3 Abilene  2000     3   130  9285000  58100      784       6.8 2000.
 4 Abilene  2000     4    98  9730000  68600      785       6.9 2000.
 5 Abilene  2000     5   141 10590000  67300      794       6.8 2000.
 6 Abilene  2000     6   156 13910000  66900      780       6.6 2000.
 7 Abilene  2000     7   152 12635000  73500      742       6.2 2000.
 8 Abilene  2000     8   131 10710000  75000      765       6.4 2001.
 9 Abilene  2000     9   104  7615000  64500      771       6.5 2001.
10 Abilene  2000    10   101  7040000  59300      764       6.6 2001.
# … with 8,592 more rows</code></pre>
</div>
</div>
<div class="cell">
<div class="sourceCode cell-code" id="cb7"><pre class="sourceCode r code-with-copy"><code class="sourceCode r"><span id="cb7-1"><a href="#cb7-1" aria-hidden="true" tabindex="-1"></a><span class="co"># Let's filter returns from a specific year. In this case, we will use the 'filter()' function in order to retrieve all sales from 2015.</span></span>
<span id="cb7-2"><a href="#cb7-2" aria-hidden="true" tabindex="-1"></a></span>
<span id="cb7-3"><a href="#cb7-3" aria-hidden="true" tabindex="-1"></a><span class="fu">filter</span>(housesales, year <span class="sc">==</span> <span class="dv">2015</span>)</span></code><button title="Copy to Clipboard" class="code-copy-button"><i class="bi"></i></button></pre></div>
<div class="cell-output cell-output-stdout">
<pre><code># A tibble: 322 × 9
   city      year month sales   volume median listings inventory  date
   &lt;chr&gt;    &lt;int&gt; &lt;int&gt; &lt;dbl&gt;    &lt;dbl&gt;  &lt;dbl&gt;    &lt;dbl&gt;     &lt;dbl&gt; &lt;dbl&gt;
 1 Abilene   2015     1   158 23486998 134100      801       4.4 2015 
 2 Abilene   2015     2   151 19834263 126500      767       4.1 2015.
 3 Abilene   2015     3   198 31869437 136800      821       4.4 2015.
 4 Abilene   2015     4   201 28301159 129600      891       4.7 2015.
 5 Abilene   2015     5   199 31385757 144700      919       4.8 2015.
 6 Abilene   2015     6   260 41396230 141500      965       5   2015.
 7 Abilene   2015     7   268 45845730 148700      986       5   2016.
 8 Amarillo  2015     1   204 33188726 138500     1120       4.3 2015 
 9 Amarillo  2015     2   188 34355428 149400     1084       4.2 2015.
10 Amarillo  2015     3   317 53603130 140900     1051       3.9 2015.
# … with 312 more rows</code></pre>
</div>
<div class="sourceCode cell-code" id="cb9"><pre class="sourceCode r code-with-copy"><code class="sourceCode r"><span id="cb9-1"><a href="#cb9-1" aria-hidden="true" tabindex="-1"></a><span class="co"># 2) And again but beginning in 2010. In order to capture this range, we use the 'between()' function within our filter and set the start as 2010 and the end as 2015. </span></span>
<span id="cb9-2"><a href="#cb9-2" aria-hidden="true" tabindex="-1"></a></span>
<span id="cb9-3"><a href="#cb9-3" aria-hidden="true" tabindex="-1"></a>housesales <span class="sc">%&gt;%</span></span>
<span id="cb9-4"><a href="#cb9-4" aria-hidden="true" tabindex="-1"></a>  <span class="fu">filter</span>(<span class="fu">between</span>(year,<span class="dv">2010</span>,<span class="dv">2015</span>))</span></code><button title="Copy to Clipboard" class="code-copy-button"><i class="bi"></i></button></pre></div>
<div class="cell-output cell-output-stdout">
<pre><code># A tibble: 3,082 × 9
   city     year month sales   volume median listings inventory  date
   &lt;chr&gt;   &lt;int&gt; &lt;int&gt; &lt;dbl&gt;    &lt;dbl&gt;  &lt;dbl&gt;    &lt;dbl&gt;     &lt;dbl&gt; &lt;dbl&gt;
 1 Abilene  2010     1    73  9130783 112200      868       6.4 2010 
 2 Abilene  2010     2    93 10372904  98300      830       6.1 2010.
 3 Abilene  2010     3   133 16517713 114000      854       6.3 2010.
 4 Abilene  2010     4   161 18788002 103600      859       6.3 2010.
 5 Abilene  2010     5   200 22804393  99300      914       6.5 2010.
 6 Abilene  2010     6   169 23216943 127900      932       6.7 2010.
 7 Abilene  2010     7   159 22363123 127300      915       6.6 2010.
 8 Abilene  2010     8   144 17504580 122000      936       6.7 2011.
 9 Abilene  2010     9   116 15475763 121300      899       6.5 2011.
10 Abilene  2010    10   111 14570529 111900      863       6.4 2011.
# … with 3,072 more rows</code></pre>
</div>
</div>
<div class="cell">
<div class="sourceCode cell-code" id="cb11"><pre class="sourceCode r code-with-copy"><code class="sourceCode r"><span id="cb11-1"><a href="#cb11-1" aria-hidden="true" tabindex="-1"></a><span class="co"># We can also filter categorical variables, in this case, the names of cities. We use the same code as we did with years, but substitute the city name in the place of the year.</span></span>
<span id="cb11-2"><a href="#cb11-2" aria-hidden="true" tabindex="-1"></a></span>
<span id="cb11-3"><a href="#cb11-3" aria-hidden="true" tabindex="-1"></a>housesales <span class="sc">%&gt;%</span></span>
<span id="cb11-4"><a href="#cb11-4" aria-hidden="true" tabindex="-1"></a>  <span class="fu">filter</span>(city <span class="sc">==</span> <span class="st">"Houston"</span>)</span></code><button title="Copy to Clipboard" class="code-copy-button"><i class="bi"></i></button></pre></div>
<div class="cell-output cell-output-stdout">
<pre><code># A tibble: 187 × 9
   city     year month sales    volume median listings inventory  date
   &lt;chr&gt;   &lt;int&gt; &lt;int&gt; &lt;dbl&gt;     &lt;dbl&gt;  &lt;dbl&gt;    &lt;dbl&gt;     &lt;dbl&gt; &lt;dbl&gt;
 1 Houston  2000     1  2653 381805283 102500    16768       3.9 2000 
 2 Houston  2000     2  3687 536456803 110300    16933       3.9 2000.
 3 Houston  2000     3  4733 709112659 109500    17058       3.9 2000.
 4 Houston  2000     4  4364 649712779 110800    17716       4.1 2000.
 5 Houston  2000     5  5215 809459231 112700    18461       4.2 2000.
 6 Houston  2000     6  5655 887396592 117900    18959       4.3 2000.
 7 Houston  2000     7  5009 770284031 118300    19391       4.4 2000.
 8 Houston  2000     8  5134 800032008 114600    19534       4.5 2001.
 9 Houston  2000     9  4262 671716256 115900    19558       4.5 2001.
10 Houston  2000    10  4068 621419904 112400    19752       4.5 2001.
# … with 177 more rows</code></pre>
</div>
</div>
<div class="cell">
<div class="sourceCode cell-code" id="cb13"><pre class="sourceCode r code-with-copy"><code class="sourceCode r"><span id="cb13-1"><a href="#cb13-1" aria-hidden="true" tabindex="-1"></a><span class="co"># We can even filter quantitative and categorical variables. Here we add in two separate filters into our 'filter()', retrieving data only from Houston in 2010.</span></span>
<span id="cb13-2"><a href="#cb13-2" aria-hidden="true" tabindex="-1"></a></span>
<span id="cb13-3"><a href="#cb13-3" aria-hidden="true" tabindex="-1"></a>housesales <span class="sc">%&gt;%</span></span>
<span id="cb13-4"><a href="#cb13-4" aria-hidden="true" tabindex="-1"></a>  <span class="fu">filter</span>(city <span class="sc">==</span> <span class="st">"Houston"</span>, year <span class="sc">==</span> <span class="dv">2010</span>)</span></code><button title="Copy to Clipboard" class="code-copy-button"><i class="bi"></i></button></pre></div>
<div class="cell-output cell-output-stdout">
<pre><code># A tibble: 12 × 9
   city     year month sales     volume median listings inventory  date
   &lt;chr&gt;   &lt;int&gt; &lt;int&gt; &lt;dbl&gt;      &lt;dbl&gt;  &lt;dbl&gt;    &lt;dbl&gt;     &lt;dbl&gt; &lt;dbl&gt;
 1 Houston  2010     1  2856  544338012 142300    31581       6.3 2010 
 2 Houston  2010     2  3684  731357757 146500    32695       6.6 2010.
 3 Houston  2010     3  5389 1116539769 152300    34880       6.9 2010.
 4 Houston  2010     4  5932 1191105918 151800    34555       6.7 2010.
 5 Houston  2010     5  6335 1289709166 152500    36724       7   2010.
 6 Houston  2010     6  6117 1324315238 156800    39303       7.5 2010.
 7 Houston  2010     7  4719 1028687548 157100    40409       7.9 2010.
 8 Houston  2010     8  4691  994092936 156900    40154       8   2011.
 9 Houston  2010     9  4355  915074585 153200    39159       7.9 2011.
10 Houston  2010    10  4075  824541611 148400    38114       7.9 2011.
11 Houston  2010    11  3924  842238262 150100    37031       7.8 2011.
12 Houston  2010    12  4730 1028424811 157500    34971       7.4 2011.</code></pre>
</div>
</div>
<div class="cell">
<div class="sourceCode cell-code" id="cb15"><pre class="sourceCode r code-with-copy"><code class="sourceCode r"><span id="cb15-1"><a href="#cb15-1" aria-hidden="true" tabindex="-1"></a><span class="co"># In addition to gathering data through specific variable filters, we can also alter how the data we retrieve is displayed. By using 'arrange()' and telling the code what variable we want ordered through 'desc()', in this case, 'sales', we can get a descending list of more specific data. </span></span>
<span id="cb15-2"><a href="#cb15-2" aria-hidden="true" tabindex="-1"></a></span>
<span id="cb15-3"><a href="#cb15-3" aria-hidden="true" tabindex="-1"></a>houston<span class="ot">=</span><span class="fu">filter</span>(housesales, city <span class="sc">==</span> <span class="st">"Houston"</span>, year <span class="sc">==</span> <span class="dv">2010</span>)</span>
<span id="cb15-4"><a href="#cb15-4" aria-hidden="true" tabindex="-1"></a><span class="fu">arrange</span>(houston, <span class="fu">desc</span>(sales))</span></code><button title="Copy to Clipboard" class="code-copy-button"><i class="bi"></i></button></pre></div>
<div class="cell-output cell-output-stdout">
<pre><code># A tibble: 12 × 9
   city     year month sales     volume median listings inventory  date
   &lt;chr&gt;   &lt;int&gt; &lt;int&gt; &lt;dbl&gt;      &lt;dbl&gt;  &lt;dbl&gt;    &lt;dbl&gt;     &lt;dbl&gt; &lt;dbl&gt;
 1 Houston  2010     5  6335 1289709166 152500    36724       7   2010.
 2 Houston  2010     6  6117 1324315238 156800    39303       7.5 2010.
 3 Houston  2010     4  5932 1191105918 151800    34555       6.7 2010.
 4 Houston  2010     3  5389 1116539769 152300    34880       6.9 2010.
 5 Houston  2010    12  4730 1028424811 157500    34971       7.4 2011.
 6 Houston  2010     7  4719 1028687548 157100    40409       7.9 2010.
 7 Houston  2010     8  4691  994092936 156900    40154       8   2011.
 8 Houston  2010     9  4355  915074585 153200    39159       7.9 2011.
 9 Houston  2010    10  4075  824541611 148400    38114       7.9 2011.
10 Houston  2010    11  3924  842238262 150100    37031       7.8 2011.
11 Houston  2010     2  3684  731357757 146500    32695       6.6 2010.
12 Houston  2010     1  2856  544338012 142300    31581       6.3 2010 </code></pre>
</div>
<div class="sourceCode cell-code" id="cb17"><pre class="sourceCode r code-with-copy"><code class="sourceCode r"><span id="cb17-1"><a href="#cb17-1" aria-hidden="true" tabindex="-1"></a><span class="co"># And by switching out the initial location filter, formerly 'Houston', we can apply this filter to any other categorical variable in the dataset. </span></span>
<span id="cb17-2"><a href="#cb17-2" aria-hidden="true" tabindex="-1"></a></span>
<span id="cb17-3"><a href="#cb17-3" aria-hidden="true" tabindex="-1"></a>dallas<span class="ot">=</span><span class="fu">filter</span>(housesales, city <span class="sc">==</span> <span class="st">"Dallas"</span>, year <span class="sc">==</span> <span class="dv">2010</span>)</span>
<span id="cb17-4"><a href="#cb17-4" aria-hidden="true" tabindex="-1"></a><span class="fu">arrange</span>(dallas, <span class="fu">desc</span>(sales))</span></code><button title="Copy to Clipboard" class="code-copy-button"><i class="bi"></i></button></pre></div>
<div class="cell-output cell-output-stdout">
<pre><code># A tibble: 12 × 9
   city    year month sales     volume median listings inventory  date
   &lt;chr&gt;  &lt;int&gt; &lt;int&gt; &lt;dbl&gt;      &lt;dbl&gt;  &lt;dbl&gt;    &lt;dbl&gt;     &lt;dbl&gt; &lt;dbl&gt;
 1 Dallas  2010     5  4891 1025677623 161900    25680       6.4 2010.
 2 Dallas  2010     4  4791 1005356810 160100    24290       6.2 2010.
 3 Dallas  2010     6  4658 1055526309 166700    26812       6.7 2010.
 4 Dallas  2010     3  4082  824662535 156800    24125       6.3 2010.
 5 Dallas  2010     8  3476  738748272 164900    27346       7.2 2011.
 6 Dallas  2010     7  3363  782294206 167800    27709       7.2 2010.
 7 Dallas  2010    12  3215  743761990 161900    22557       6.4 2011.
 8 Dallas  2010     9  3151  651529718 155200    26745       7.2 2011.
 9 Dallas  2010    10  2977  606133350 154100    25688       7.1 2011.
10 Dallas  2010    11  2795  608685059 154900    24254       6.8 2011.
11 Dallas  2010     2  2774  548903564 149800    22991       6.1 2010.
12 Dallas  2010     1  2210  420140118 140800    21825       5.7 2010 </code></pre>
</div>
</div>
<div class="cell">
<div class="sourceCode cell-code" id="cb19"><pre class="sourceCode r code-with-copy"><code class="sourceCode r"><span id="cb19-1"><a href="#cb19-1" aria-hidden="true" tabindex="-1"></a><span class="co"># Due to the seasonal characteristic of real estate, some months see more action than others. If we wanted to get data that could demonstrate these fluctuations, we could once again input certain variables. Let's say we want to see data from Dallas but only in the month of June. Represented by its number (6), we input the variable into our 'filter()' function that already is filtering 'city="Dallas"'. </span></span>
<span id="cb19-2"><a href="#cb19-2" aria-hidden="true" tabindex="-1"></a></span>
<span id="cb19-3"><a href="#cb19-3" aria-hidden="true" tabindex="-1"></a>DJ<span class="ot">=</span><span class="fu">filter</span>(housesales, city <span class="sc">==</span> <span class="st">"Dallas"</span>, month <span class="sc">==</span> <span class="dv">6</span>)</span>
<span id="cb19-4"><a href="#cb19-4" aria-hidden="true" tabindex="-1"></a><span class="fu">filter</span>(housesales, city <span class="sc">==</span> <span class="st">"Dallas"</span>, month <span class="sc">==</span> <span class="dv">6</span>)</span></code><button title="Copy to Clipboard" class="code-copy-button"><i class="bi"></i></button></pre></div>
<div class="cell-output cell-output-stdout">
<pre><code># A tibble: 16 × 9
   city    year month sales     volume median listings inventory  date
   &lt;chr&gt;  &lt;int&gt; &lt;int&gt; &lt;dbl&gt;      &lt;dbl&gt;  &lt;dbl&gt;    &lt;dbl&gt;     &lt;dbl&gt; &lt;dbl&gt;
 1 Dallas  2000     6  4738  846254912 138800    14392       3.8 2000.
 2 Dallas  2001     6  5065  941310414 146300    18372       4.8 2001.
 3 Dallas  2002     6  4423  817899695 148400    22043       5.6 2002.
 4 Dallas  2003     6  4847  920352540 154000    27169       6.9 2003.
 5 Dallas  2004     6  5511 1134082858 159300    28725       6.6 2004.
 6 Dallas  2005     6  6416 1352136392 158900    28875       6.1 2005.
 7 Dallas  2006     6  7117 1546598624 163400    30323       5.8 2006.
 8 Dallas  2007     6  6207 1432055051 169100    33624       6.4 2007.
 9 Dallas  2008     6  5180 1134394581 164400    30340       6.6 2008.
10 Dallas  2009     6  4691 1001824336 166600    24677       6.5 2009.
11 Dallas  2010     6  4658 1055526309 166700    26812       6.7 2010.
12 Dallas  2011     6  4541 1009183879 165700    23968       7.2 2011.
13 Dallas  2012     6  5196 1209024869 177900    17587       4.6 2012.
14 Dallas  2013     6  5981 1593190134 202800    13339       2.9 2013.
15 Dallas  2014     6  6309 1703805588 217100    12432       2.5 2014.
16 Dallas  2015     6  6532 1960556658 242300    11014       2.2 2015.</code></pre>
</div>
<div class="sourceCode cell-code" id="cb21"><pre class="sourceCode r code-with-copy"><code class="sourceCode r"><span id="cb21-1"><a href="#cb21-1" aria-hidden="true" tabindex="-1"></a><span class="co"># And once again we can display them in a certain order for a specific variable through desc(), in this case we input 'sales'.</span></span>
<span id="cb21-2"><a href="#cb21-2" aria-hidden="true" tabindex="-1"></a></span>
<span id="cb21-3"><a href="#cb21-3" aria-hidden="true" tabindex="-1"></a><span class="fu">arrange</span>(DJ, <span class="fu">desc</span>(sales))</span></code><button title="Copy to Clipboard" class="code-copy-button"><i class="bi"></i></button></pre></div>
<div class="cell-output cell-output-stdout">
<pre><code># A tibble: 16 × 9
   city    year month sales     volume median listings inventory  date
   &lt;chr&gt;  &lt;int&gt; &lt;int&gt; &lt;dbl&gt;      &lt;dbl&gt;  &lt;dbl&gt;    &lt;dbl&gt;     &lt;dbl&gt; &lt;dbl&gt;
 1 Dallas  2006     6  7117 1546598624 163400    30323       5.8 2006.
 2 Dallas  2015     6  6532 1960556658 242300    11014       2.2 2015.
 3 Dallas  2005     6  6416 1352136392 158900    28875       6.1 2005.
 4 Dallas  2014     6  6309 1703805588 217100    12432       2.5 2014.
 5 Dallas  2007     6  6207 1432055051 169100    33624       6.4 2007.
 6 Dallas  2013     6  5981 1593190134 202800    13339       2.9 2013.
 7 Dallas  2004     6  5511 1134082858 159300    28725       6.6 2004.
 8 Dallas  2012     6  5196 1209024869 177900    17587       4.6 2012.
 9 Dallas  2008     6  5180 1134394581 164400    30340       6.6 2008.
10 Dallas  2001     6  5065  941310414 146300    18372       4.8 2001.
11 Dallas  2003     6  4847  920352540 154000    27169       6.9 2003.
12 Dallas  2000     6  4738  846254912 138800    14392       3.8 2000.
13 Dallas  2009     6  4691 1001824336 166600    24677       6.5 2009.
14 Dallas  2010     6  4658 1055526309 166700    26812       6.7 2010.
15 Dallas  2011     6  4541 1009183879 165700    23968       7.2 2011.
16 Dallas  2002     6  4423  817899695 148400    22043       5.6 2002.</code></pre>
</div>
</div>
<hr>


</section>

</main> <!-- /main -->
<script id="quarto-html-after-body" type="application/javascript">
window.document.addEventListener("DOMContentLoaded", function (event) {
  const toggleBodyColorMode = (bsSheetEl) => {
    const mode = bsSheetEl.getAttribute("data-mode");
    const bodyEl = window.document.querySelector("body");
    if (mode === "dark") {
      bodyEl.classList.add("quarto-dark");
      bodyEl.classList.remove("quarto-light");
    } else {
      bodyEl.classList.add("quarto-light");
      bodyEl.classList.remove("quarto-dark");
    }
  }
  const toggleBodyColorPrimary = () => {
    const bsSheetEl = window.document.querySelector("link#quarto-bootstrap");
    if (bsSheetEl) {
      toggleBodyColorMode(bsSheetEl);
    }
  }
  toggleBodyColorPrimary();  
  const icon = "";
  const anchorJS = new window.AnchorJS();
  anchorJS.options = {
    placement: 'right',
    icon: icon
  };
  anchorJS.add('.anchored');
  const clipboard = new window.ClipboardJS('.code-copy-button', {
    target: function(trigger) {
      return trigger.previousElementSibling;
    }
  });
  clipboard.on('success', function(e) {
    // button target
    const button = e.trigger;
    // don't keep focus
    button.blur();
    // flash "checked"
    button.classList.add('code-copy-button-checked');
    var currentTitle = button.getAttribute("title");
    button.setAttribute("title", "Copied!");
    setTimeout(function() {
      button.setAttribute("title", currentTitle);
      button.classList.remove('code-copy-button-checked');
    }, 1000);
    // clear code selection
    e.clearSelection();
  });
  function tippyHover(el, contentFn) {
    const config = {
      allowHTML: true,
      content: contentFn,
      maxWidth: 500,
      delay: 100,
      arrow: false,
      appendTo: function(el) {
          return el.parentElement;
      },
      interactive: true,
      interactiveBorder: 10,
      theme: 'quarto',
      placement: 'bottom-start'
    };
    window.tippy(el, config); 
  }
  const noterefs = window.document.querySelectorAll('a[role="doc-noteref"]');
  for (var i=0; i<noterefs.length; i++) {
    const ref = noterefs[i];
    tippyHover(ref, function() {
      let href = ref.getAttribute('href');
      try { href = new URL(href).hash; } catch {}
      const id = href.replace(/^#\/?/, "");
      const note = window.document.getElementById(id);
      return note.innerHTML;
    });
  }
  var bibliorefs = window.document.querySelectorAll('a[role="doc-biblioref"]');
  for (var i=0; i<bibliorefs.length; i++) {
    const ref = bibliorefs[i];
    const cites = ref.parentNode.getAttribute('data-cites').split(' ');
    tippyHover(ref, function() {
      var popup = window.document.createElement('div');
      cites.forEach(function(cite) {
        var citeDiv = window.document.createElement('div');
        citeDiv.classList.add('hanging-indent');
        citeDiv.classList.add('csl-entry');
        var biblioDiv = window.document.getElementById('ref-' + cite);
        if (biblioDiv) {
          citeDiv.innerHTML = biblioDiv.innerHTML;
        }
        popup.appendChild(citeDiv);
      });
      return popup.innerHTML;
    });
  }
});
</script>
</div> <!-- /content -->
<footer class="footer">
  <div class="nav-footer">
    <div class="nav-footer-right">
      <ul class="footer-items list-unstyled">
    <li class="nav-item compact">
    <a class="nav-link" href="https://github.com/moreilly23">
      <i class="bi bi-github" role="img">
</i> 
    </a>
  </li>  
</ul>
    </div>
  </div>
</footer>



</body></html>